image: sim_map.pgm
resolution: 0.050000
origin: [-4.039902, -5.304327, 0.000000]
negate: 0
occupied_thresh: 0.65
free_thresh: 0.196

